2236766994
621487867
745250557
111965950
131821314
603848451
236879624
372734252
292249901
523226896
237553425
519735060
432029462
247179031
98193177
479819546
77725468
1537763102
185194271
126932769
204959457
1681164068
179281703
958230492
1346703894
175476018
1238873905
1069453278
1362195350
96894775
95117113
70839090
355563146
38069317
107414155
622962500
1211838278
601313097
314505037
232120142
2218328717
141244242
1031343955
800775822
2246008254
485873514
95410008
320767833
326766427
445700442
408883037
1173170149
99731297
1163093916
49573732
774268902
35333992
1004828521
322840151
2173591403
324433554
19441478
1138477748
286125940
181190520
164194169
1056348026
148359036
1337819798
1082389844
1129549706
1017886603
1569998732
195700244
458776580
308990958
204685206
201293719
29570969
1061234401
100566940
524732318
36241318
291291804
560723883
192475053
256069550
1073717168
1735454642
270477982
2153465785
444008378
152223675
1594425276
465119562
389074879
123529450
502831048
169727308
280073763
351465423
83449814
635197399
1609910233
616579034
1215057884
155559902
313964515
61745125
72056806
20623338
1630724581
395669484
389556206
616572085
13314032
1715806196
360250366
728936438
1572075511
409646420
464613073
809791483
2188449788
1093152414
1099465273
496642623
101296704
501326401
859224643
110291524
1163336262
964325959
421956171
1142327888
722665628
528511574
91963992
57610843
172916154
783058314
95242849
390730338
1720222308
283548263
280973928
951874322
613001838
1206456948
1561150069
131123830
360815223
789815929
1923480186
416903803
1522748028
538630782
747094657
221221938
1379605124
1148447365
110697094
2155768459
2164746892
269871757
1273069351
294101651
208755349
1122790038
1854665370
149101679
300589724
337605278
193047199
340441769
1941346986
337284551
719354540
127623853
258316975
1860657841
346464946
1949921971
776989364
1400281783
226558649
58536634
237350687
614334922
43858622
379722435
495854277
1218439880
27632331
1092520652
138875597
582288078
730512079
1495044816
1639011025
1101458132
154888802
97413847
249174479
968708828
1057921759
219771617
83270779
2220454628
1291894621
1692664555
223137625
617238327
49941238
836188921
326224634
120750890
53482242
120419798
354009865
1092279050
1703848716
471280400
160566744
1212797714
506680086
94108440
21082906
72137500
875074010
1172554544
109435682
72661795
570874660
1146528552
64871210
14855564
1729528621
181652270
937792304
20931378
1685523252
1691382582
1770670904
1313422142
178295617
595454795
518085452
541758285
1513446224
2214781752
625726290
361431891
462076757
2249349974
2157771607
65870681
282940252
185174877
293423966
934127077
968352608
1571739451
47168361
1001414520
75191151
109624179
776256379
571310280
1731769214
1166526613
126968704
1531609986
95396739
1620130692
545127301
135865225
373301399
131875725
521651090
1193812884
964027286
1175813016
756867997
1968972272
113470370
2237833136
17017764
259403590
1606241192
1090009244
2230244268
88236973
1611635630
270349231
1667337139
1163484660
108458945
193737668
361210822
66694062
182756886
1198830542
264207181
910574544
16401364
512133730
1186898906
300190687
22713314
36059985
490646507
14674437
851017554
58905582
950150995
332289019
2232187902
74750975
271184897
187503621
479069194
108043778
881198096
235766802
60285972
441531413
17853463
543264260
1272427549
2223295518
422454303
115807265
999289890
515805019
1089205285
863030310
89672743
311448617
1226204203
1135143980
2163811375
112821296
43549746
160557780
102986807
173792315
117806142
926472373
565896256
1452841824
1415593026
903840836
165798981
1069208648
1464134731
1145809999
741219409
269333587
876424279
230884454
57388137
949316714
1180642411
153212015
1245748339
153894004
991926121
1390206073
548820091
36222077
93114219
116718724
594740357
383133889
460405896
1243292809
28224655
1007551638
1514789743
288208029
433314974
364249285
372182181
605342888
770329770
384459948
29947055
881038512
15743176
26182834
1215728821
220843195
848254141
237186213
701850818
91894980
50617542
72807623
631073996
836072653
225189072
26866897
1873069267
109978840
302074901
556436688
2196106466
292901755
526597348
177290470
1924461800
423875824
1551673555
817202046
1525959930
245851387
893740284
23600385
476316509
22285577
493462402
1583115480
1369789717
1292027161
459627803
1541351184
300791071
187514147
196341028
451517733
432690471
172299561
1050428714
63159595
134763820
145291826
103401531
227669298
302768691
1449727284
112383288
270640445
2217159998
982826312
1464390986
50281501
431921720
555295971
1645509972
1691016535
1409623386
389074267
89677148
305845598
549270887
123245932
241683346
2161532270
1555830127
95436148
1135542505
22270284
144160123
351453418
1092123798
1675214208
194594177
2192151939
703647109
1652784522
519394700
1675294093
47981966
411641231
137801105
128726418
56667539
880067990
110671255
35564957
447088033
313329058
69232035
203935141
248759721
251280812
1349019054
910060981
728892858
33029563
201856446
1698725311
2194867652
577310151
908426696
2157581772
19705295
583845328
30429485
1606174166
222825943
1889760728
47828559
39024094
1707390432
226190817
2236601826
2194863589
365145576
595311868
914263532
72373745
1385407986
43935220
99367652
53945855
92397056
720100866
514704899
346914308
355473473
458315271
1877028360
1650085386
80301655
1034503693
343164432
1347862034
164741666
97893908
2198435349
2155310614
844453400
1629238814
295132703
352577057
763459106
85786147
78796325
1247376938
18603070
304166446
114419248
288312883
432976287
2235330103
339588665
994844220
2164088383
1472456256
107478593
219246147
104220572
474285638
1712828042
1868631625
972693067
83469901
380338445
128184854
200193620
197356910
1466799703
1236840026
2222132827
522344030
550286945
311129388
57744998
458219112
315031147
483855980
257865326
1283374903
467938930
563703411
985460342
1147649658
285167228
543635074
62588549
2221762184
331628140
322043530
562880142
293640821
1528678034
150474389
396152089
1901794969
306230940
1928253085
1886656158
331134624
1006028449
586886825
583823020
2182100658
66799285
166215350
341315257
17483098
1531678399
73854656
254142145
396933067
788850372
1304855779
616257228
1067039010
879899010
257396433
526474963
1971418412
93464280
103276249
381206235
1446921950
70398928
407693026
303265509
49147623
151662312
80350954
342232811
507746030
1113970418
50860186
994166516
725049079
2155126520
505761529
1544538109
2230448132
43229189
181952519
1393438729
1130456407
328718349
110678030
457834511
188767679
59191300
1410715994
270858270
2241413155
1083754532
1604904997
471838758
433221671
148353068
1107122221
1108795442
1523412318
159948854
167383049
74496057
997566523
2207840321
130537538
631177284
709742661
589486151
459786318
1794097232
187689043
102191189
111668921
1173235802
1408487522
116228195
59781222
120889451
25075820
606541503
105100309
753936512
280246401
1597411460
253960325
30066822
61134188
602838039
1920452749
333396112
1081108626
2192588948
82845845
1050704023
1680453786
1135364252
398162080
2161379696
321444002
99610788
1374789799
570681512
515874989
709145629
619929776
195302946
190558388
48320693
34331679
402342078
1527607669
906283201
337690819
500728005
20406471
810903752
60205259
1442427084
338368717
353151183
895426771
390807773
147924005
489787616
37671137
1408131793
857485544
1678078332
632006890
571637996
239159533
215070958
89084143
811790035
2186172660
467829801
1667209464
884445908
1459134720
862852304
84990221
1969369358
270897426
1701951763
290672916
1590440546
809177366
32708313
386568475
293781788
268241186
2166360355
180363556
623823142
316997932
323342637
612077876
58511669
1694521656
57051871
946719036
1473618314
22796606
497871167
248619328
1700127042
332183877
1027158343
579938632
231936329
389570890
925163851
66695500
125036881
390670677
384510296
624159065
1519090010
223658332
394334557
116993765
467372384
1504733539
344830309
479060329
1694896490
64248173
1159962457
581751151
1938481520
115994003
15659381
331016567
1630525818
131537276
2177399165
499970430
1273608576
1245878658
393554307
950061445
153518470
1587929479
43966857
176722314
109810061
468532955
179884431
299184529
1731963282
45811438
299227542
47337882
857692574
391340447
751229348
2157230502
15196584
1169858990
80384431
77046192
201663560
502958516
287209886
301025719
943081915
152040807
223582661
947352006
44417479
472304074
601936332
948559790
171405775
492669393
1405850066
1262881236
79299030
1510246874
1327675867
81373661
1097169374
26036304
476096996
1386871206
571337190
1272418009
107600364
238485999
1708083696
487844264
122761723
300171777
435970564
180042245
149945772
964219410
55329302
260755991
1601126942
778856994
15273725
140036644
1083900458
556349998
30736943
1694794290
936968755
76630582
279931448
